customer_id,instalments_paid_months,total_missed_payments,consecutive_missed_payments,whether_defaulter
['CT68554', [1, 5, 6, 7, 8, 9, 10, 11, 12], 3, 4, 1]
['CT56276', [1, 2], 10, 10, 1]
['CT30950', [1, 3], 10, 9, 1]
['CT27126', [1, 2, 3, 4, 5, 6], 6, 6, 1]
['CT29233', [1, 2, 3, 4, 5, 6, 7], 5, 5, 1]
['CT74474', [1, 2, 3, 4, 5, 6, 7], 5, 5, 1]
['CT27486', [1, 3, 4, 5, 6], 7, 6, 1]
['CT37576', [1, 2, 3, 4, 5, 6, 7, 8, 9], 3, 3, 1]
['CT85320', [1, 2, 3, 4, 5, 6, 7, 8, 9], 3, 3, 1]
['CT54266', [1, 5], 10, 7, 1]
['CT31740', [1, 3, 5, 7], 8, 5, 1]
['CT33368', [1, 3, 5, 6, 7], 7, 5, 1]
['CT25887', [1, 2, 3, 4, 5, 6], 6, 6, 1]
['CT60494', [1, 2, 3, 4, 5, 6, 7], 5, 5, 1]
['CT26025', [1, 2, 3, 4, 5, 6, 7], 5, 5, 1]
['CT50132', [1], 11, 11, 1]
['CT22815', [1, 2, 3, 4, 5, 6, 7, 8], 4, 4, 1]
['CT41424', [1, 2, 3, 4, 5, 6, 7, 8, 9, 10], 2, 2, 1]
['CT37365', [1, 2, 3, 4, 5, 6, 7, 8, 9], 3, 3, 1]
['CT47334', [1, 2, 3, 4, 5, 6], 6, 6, 1]
['CT90997', [1, 2, 3, 4, 5, 6, 7, 8, 9, 10], 2, 2, 1]
['CT83488', [1, 2, 3, 4, 5, 6], 6, 6, 1]
['CT55432', [1, 5], 10, 7, 1]
['CT68826', [1, 2, 3, 4, 5, 6, 7, 8, 9], 3, 3, 1]
['CT52641', [1, 2, 3, 4, 5, 6, 7, 8, 9, 10], 2, 2, 1]
['CT78912', [1, 5], 10, 7, 1]
['CT66637', [1, 2, 3, 4, 6], 7, 6, 1]
['CT43553', [1, 2, 3, 4, 5, 6, 7, 8, 9], 3, 3, 1]
['CT21166', [1, 5], 10, 7, 1]
['CT72715', [1, 2], 10, 10, 1]
['CT68618', [1, 2, 3, 4, 5, 6, 7, 8, 9], 3, 3, 1]
['CT80887', [1, 2, 4, 6], 8, 6, 1]
['CT62065', [1, 2, 3, 4, 5, 6], 6, 6, 1]
['CT79994', [1, 2, 3, 4, 5, 6, 7, 8, 9, 10], 2, 2, 1]
['CT74874', [1, 4, 6], 9, 6, 1]
['CT44983', [1, 2], 10, 10, 1]
['CT68723', [1, 5], 10, 7, 1]
['CT52364', [1, 2, 3, 4, 5, 6, 7], 5, 5, 1]
['CT27219', [1, 3, 4, 5], 8, 7, 1]
['CT76216', [1, 2, 3, 4, 5, 6, 7, 8], 4, 4, 1]
['CT63139', [1, 2, 3, 4, 5, 6, 7, 8], 4, 4, 1]
['CT51542', [1, 2, 3, 4, 5, 6], 6, 6, 1]
['CT93114', [1, 2, 3, 4, 6], 7, 6, 1]
['CT74316', [1, 2, 3, 4, 5, 6, 7, 8], 4, 4, 1]
['CT58116', [1], 11, 11, 1]
['CT52754', [1, 2, 4, 5], 8, 7, 1]
['CT29244', [1, 2, 3, 4, 5, 6, 7, 8, 9], 3, 3, 1]
['CT66322', [1, 3, 4, 6], 8, 6, 1]
['CT75266', [1, 3], 10, 9, 1]
['CT35963', [1, 2, 3, 4, 5, 6, 7, 8], 4, 4, 1]
['CT23596', [1], 11, 11, 1]
['CT31948', [1, 2, 3, 4, 5, 6, 7, 8, 9, 10], 2, 2, 1]
['CT11749', [1, 2, 3, 4, 5, 6, 7, 8, 9], 3, 3, 1]
['CT17136', [1, 2, 3, 4, 5, 6, 7, 8, 9], 3, 3, 1]
['CT33569', [1, 3, 4, 6], 8, 6, 1]
['CT86742', [1, 3, 4, 6, 7], 7, 5, 1]
['CT34219', [1, 3, 4, 5], 8, 7, 1]
['CT25277', [1, 2, 3, 4, 5, 6, 7, 8, 9], 3, 3, 1]
['CT27955', [1], 11, 11, 1]
['CT30720', [1], 11, 11, 1]
['CT48374', [1, 2, 3, 4, 5, 6, 7, 8, 9], 3, 3, 1]
['CT80470', [1, 3, 4, 6], 8, 6, 1]
['CT30214', [1, 5, 9], 9, 4, 1]
['CT62217', [1, 2, 3, 5, 6], 7, 6, 1]
['CT25196', [1, 2, 3, 4, 5, 6, 7, 8, 9], 3, 3, 1]
['CT11144', [1, 3, 5, 7], 8, 5, 1]
['CT50219', [1, 2, 3, 4, 5, 6], 6, 6, 1]
['CT84463', [1, 2, 3, 4, 5, 6, 7, 8, 9], 3, 3, 1]
['CT23734', [1, 4], 10, 8, 1]
['CT89869', [1, 2, 3, 4, 5, 6, 7, 8, 9, 10], 2, 2, 1]
['CT11183', [1, 3, 4, 5], 8, 7, 1]
['CT42140', [1, 3, 5, 6, 7], 7, 5, 1]
['CT22033', [1, 3, 5, 7, 8], 7, 4, 1]
['CT29121', [1, 2, 4, 5, 6], 7, 6, 1]
['CT42168', [1, 2, 3, 4, 5, 6, 7, 8, 9, 10], 2, 2, 1]
['CT90416', [1], 11, 11, 1]
['CT28025', [1, 2, 4, 5, 7], 7, 5, 1]
['CT63413', [1, 2, 3, 4, 5, 6, 7], 5, 5, 1]
